R1 2.599340742648337e-10 0.9999999991829497 0.9999999994428838
R2 2.599340742648337e-10 0.9999999991829497 0.9999999994428838
R3 0.07313966344085016 0.9495446821509103 1.0226843455917605
R4 0.13471717539593386 0.9454326528621424 1.0801498282580764
R5 0.17744177275144016 1.0872476199536962 1.2646893927051364
R6 0.46522792692099757 1.0487610690639984 1.513988995984996
R7 0.9586489449058851 1.0883472977880333 2.0469962426939183
R8 1.5841670403896289 1.0643797030091477 2.648546743398777
R9 2.826464034564442 0.4955810820126202 3.3220451165770624
R10 4.314173477599846 0.22815574258293847 4.5423292201827845
R11 6.455943703815922 -0.07517759439930738 6.380766109416615
R12 8.656257734018206 -0.0991981418940828 8.557059592124123
R13 8.972686463254838 1.2578387479316882 10.230525211186526
R14 8.215919561483933 3.09658267140831 11.312502232892243
R15 6.795268286033748 5.415446380804982 12.21071466683873
R16 5.644215914567957 6.991880399414037 12.636096313981994
R17 4.57141272860935 7.548465016387193 12.119877744996543
R18 3.91645006960997 7.991652316472306 11.908102386082277
R19 2.9718364004561715 9.075854628623537 12.047691029079708
R1 2.599340742648337e-10 0.9999999991829497 0.9999999994428838
R2 2.599340742648337e-10 0.9999999991829497 0.9999999994428838
R3 0.07313966344085016 0.9495446821509103 1.0226843455917605
R4 0.13471717539593386 0.9454326528621424 1.0801498282580764
R5 0.17744177275144016 1.0872476199536962 1.2646893927051364
R1 2.599340742648337e-10 0.9999999991829497 0.9999999994428838
R6 0.46522792692099757 1.0487610690639984 1.513988995984996
R2 2.599340742648337e-10 0.9999999991829497 0.9999999994428838
R7 0.9586489449058851 1.0883472977880333 2.0469962426939183
R3 0.07313966344085016 0.9495446821509103 1.0226843455917605
R8 1.5841670403896289 1.0643797030091477 2.648546743398777
R4 0.13471717539593386 0.9454326528621424 1.0801498282580764
R9 2.826464034564442 0.4955810820126202 3.3220451165770624
R5 0.17744177275144016 1.0872476199536962 1.2646893927051364
R10 4.314173477599846 0.22815574258293847 4.5423292201827845
R6 0.46522792692099757 1.0487610690639984 1.513988995984996
R11 6.455943703815922 -0.07517759439930738 6.380766109416615
R7 0.9586489449058851 1.0883472977880333 2.0469962426939183
R12 8.656257734018206 -0.0991981418940828 8.557059592124123
R8 1.5841670403896289 1.0643797030091477 2.648546743398777
R13 8.972686463254838 1.2578387479316882 10.230525211186526
R9 2.826464034564442 0.4955810820126202 3.3220451165770624
R14 8.215919561483933 3.09658267140831 11.312502232892243
R10 4.314173477599846 0.22815574258293847 4.5423292201827845
R15 6.795268286033748 5.415446380804982 12.21071466683873
R11 6.455943703815922 -0.07517759439930738 6.380766109416615
R16 5.644215914567957 6.991880399414037 12.636096313981994
R12 8.656257734018206 -0.0991981418940828 8.557059592124123
R17 4.57141272860935 7.548465016387193 12.119877744996543
R13 8.972686463254838 1.2578387479316882 10.230525211186526
R18 3.91645006960997 7.991652316472306 11.908102386082277
R14 8.215919561483933 3.09658267140831 11.312502232892243
R19 2.9718364004561715 9.075854628623537 12.047691029079708
R15 6.795268286033748 5.415446380804982 12.21071466683873
R16 5.644215914567957 6.991880399414037 12.636096313981994
R17 4.57141272860935 7.548465016387193 12.119877744996543
R18 3.91645006960997 7.991652316472306 11.908102386082277
R1 2.599340742648337e-10 0.9999999991829497 0.9999999994428838
R19 2.9718364004561715 9.075854628623537 12.047691029079708
R2 2.599340742648337e-10 0.9999999991829497 0.9999999994428838
R3 0.07313966344085016 0.9495446821509103 1.0226843455917605
R4 0.13471717539593386 0.9454326528621424 1.0801498282580764
R5 0.17744177275144016 1.0872476199536962 1.2646893927051364
R6 0.46522792692099757 1.0487610690639984 1.513988995984996
R7 0.9586489449058851 1.0883472977880333 2.0469962426939183
